Away Team,Home Team,Away Score,Home Score,Minute,Second,isScoringPosession,Desc.
Northwestern State,Arkansas,0,0,0,28,0,Gary Stewart Turnover.
Northwestern State,Arkansas,0,0,0,29,0,Mardracus Wade Steal.
Northwestern State,Arkansas,0,2,0,31,1,BJ Young made Layup.  Assisted by Mardracus Wade.
Northwestern State,Arkansas,2,2,0,47,1,Shamir Davis made Jumper.
Northwestern State,Arkansas,2,4,0,59,1,Rickey Scott made Jumper.  Assisted by Mardracus Wade.
Northwestern State,Arkansas,2,4,1,33,0,Gary Stewart missed Three Point Jumper.
Northwestern State,Arkansas,2,4,1,33,0,Mardracus Wade Defensive Rebound.
Northwestern State,Arkansas,2,4,1,44,0,BJ Young Turnover.
Northwestern State,Arkansas,2,4,1,45,0,Patrick Robinson Steal.
Northwestern State,Arkansas,2,4,1,59,0,Patrick Robinson Turnover.
Northwestern State,Arkansas,2,4,2,0,0,Mardracus Wade Steal.
Northwestern State,Arkansas,2,6,2,4,1,Mardracus Wade made Layup.
Northwestern State,Arkansas,2,6,2,14,0,Gary Stewart missed Three Point Jumper.
Northwestern State,Arkansas,2,6,2,14,0,BJ Young Defensive Rebound.
Northwestern State,Arkansas,2,6,2,19,0,BJ Young Turnover.
Northwestern State,Arkansas,2,6,2,20,0,Shamir Davis Steal.
Northwestern State,Arkansas,2,6,2,27,0,Foul on Marshawn Powell
Northwestern State,Arkansas,3,6,2,27,1,Marvin Frazier made Free Throw.
Northwestern State,Arkansas,4,6,2,27,1,Marvin Frazier made Free Throw.
Northwestern State,Arkansas,4,9,2,41,1,Mardracus Wade made Three Point Jumper.
Northwestern State,Arkansas,4,9,2,50,0,Brison White missed Three Point Jumper.
Northwestern State,Arkansas,4,9,2,50,0,Northwestern State Offensive Reb.
Northwestern State,Arkansas,6,9,3,16,1,Brison White made Dunk.
Northwestern State,Arkansas,6,9,3,34,0,BJ Young missed Layup.
Northwestern State,Arkansas,6,9,3,34,0,BJ Young Offensive Rebound.
Northwestern State,Arkansas,6,9,3,38,0,BJ Young missed Jumper.
Northwestern State,Arkansas,6,9,3,38,0,DeQuan Hicks Block.
Northwestern State,Arkansas,6,9,3,39,0,Gary Roberson Defensive Rebound.
Northwestern State,Arkansas,6,9,3,43,0,Foul on Rickey Scott
Northwestern State,Arkansas,7,9,3,43,1,James Hulbin made Free Throw.
Northwestern State,Arkansas,7,9,3,43,0,James Hulbin missed Free Throw.
Northwestern State,Arkansas,7,9,3,43,0,Hunter Mickelson Defensive Rebound.
Northwestern State,Arkansas,7,12,3,56,1,Mardracus Wade made Three Point Jumper.  Assisted by BJ Young.
Northwestern State,Arkansas,7,12,4,14,0,Gary Roberson Turnover.
Northwestern State,Arkansas,7,12,4,14,0,Official TV Timeout.
Northwestern State,Arkansas,7,12,4,35,0,BJ Young missed Three Point Jumper.
Northwestern State,Arkansas,7,12,4,35,0,Rickey Scott Offensive Rebound.
Northwestern State,Arkansas,7,12,4,44,0,Marshawn Powell missed Layup.
Northwestern State,Arkansas,7,12,4,44,0,BJ Young Offensive Rebound.
Northwestern State,Arkansas,7,12,4,56,0,Rickey Scott missed Three Point Jumper.
Northwestern State,Arkansas,7,12,4,56,0,DeQuan Hicks Defensive Rebound.
Northwestern State,Arkansas,7,12,4,58,0,Foul on Hunter Mickelson
Northwestern State,Arkansas,7,12,5,10,0,DeQuan Hicks missed Jumper.
Northwestern State,Arkansas,7,12,5,10,0,Hunter Mickelson Block.
Northwestern State,Arkansas,7,12,5,11,0,Marshawn Powell Defensive Rebound.
Northwestern State,Arkansas,7,14,5,16,1,BJ Young made Dunk.  Assisted by Mardracus Wade.
Northwestern State,Arkansas,7,14,5,31,0,Jalan West missed Jumper.
Northwestern State,Arkansas,7,14,5,31,0,Brison White Offensive Rebound.
Northwestern State,Arkansas,7,14,5,36,0,Jalan West missed Jumper.
Northwestern State,Arkansas,7,14,5,36,0,Marshawn Powell Defensive Rebound.
Northwestern State,Arkansas,7,14,5,44,0,BJ Young Turnover.
Northwestern State,Arkansas,7,14,5,46,0,James Hulbin Steal.
Northwestern State,Arkansas,7,14,5,48,0,Foul on James Hulbin
Northwestern State,Arkansas,7,14,5,48,0,James Hulbin Turnover.
Northwestern State,Arkansas,7,14,6,5,0,Coty Clarke Turnover.
Northwestern State,Arkansas,7,14,6,6,0,Team Technical Foul
Northwestern State,Arkansas,7,14,6,6,0,Northwestern State Turnover.
Northwestern State,Arkansas,7,14,6,6,0,Team Foul
Northwestern State,Arkansas,7,15,6,6,1,Coty Clarke made Free Throw.
Northwestern State,Arkansas,7,15,6,6,0,Coty Clarke missed Free Throw.
Northwestern State,Arkansas,7,15,6,6,0,null
Northwestern State,Arkansas,7,15,6,24,0,Patrick Robinson missed Jumper.
Northwestern State,Arkansas,7,15,6,24,0,Coty Clarke Defensive Rebound.
Northwestern State,Arkansas,7,15,6,27,0,Mardracus Wade missed Three Point Jumper.
Northwestern State,Arkansas,7,15,6,27,0,Shamir Davis Defensive Rebound.
Northwestern State,Arkansas,7,15,6,42,0,Gary Stewart Turnover.
Northwestern State,Arkansas,7,17,6,45,1,Hunter Mickelson made Dunk.  Assisted by Kikko Haydar.
Northwestern State,Arkansas,7,17,7,2,0,Foul on Coty Clarke
Northwestern State,Arkansas,7,17,7,9,0,Foul on Kikko Haydar
Northwestern State,Arkansas,8,17,7,9,1,Jalan West made Free Throw.
Northwestern State,Arkansas,8,17,7,9,0,Jalan West missed Free Throw.
Northwestern State,Arkansas,8,17,7,9,0,Coty Clarke Defensive Rebound.
Northwestern State,Arkansas,8,17,7,28,0,Michael Qualls missed Jumper.
Northwestern State,Arkansas,8,17,7,28,0,Jalan West Defensive Rebound.
Northwestern State,Arkansas,8,17,7,40,0,Foul on Kikko Haydar
Northwestern State,Arkansas,9,17,7,40,1,Patrick Robinson made Free Throw.
Northwestern State,Arkansas,9,17,7,40,0,Patrick Robinson missed Free Throw.
Northwestern State,Arkansas,9,17,7,40,0,Coty Clarke Defensive Rebound.
Northwestern State,Arkansas,9,17,7,54,0,Fred Gulley missed Three Point Jumper.
Northwestern State,Arkansas,9,17,7,54,0,Michael Qualls Offensive Rebound.
Northwestern State,Arkansas,9,19,7,56,1,Michael Qualls made Dunk.
Northwestern State,Arkansas,9,19,8,2,0,Foul on Anthlon Bell
Northwestern State,Arkansas,9,19,8,2,0,Official TV Timeout.
Northwestern State,Arkansas,10,19,8,2,1,Patrick Robinson made Free Throw.
Northwestern State,Arkansas,10,19,8,2,0,Patrick Robinson missed Free Throw.
Northwestern State,Arkansas,10,19,8,2,0,Coty Clarke Defensive Rebound.
Northwestern State,Arkansas,10,19,8,13,0,Coty Clarke Turnover.
Northwestern State,Arkansas,10,19,8,14,0,Marvin Frazier Steal.
Northwestern State,Arkansas,10,19,8,33,0,O.J. Evans missed Jumper.
Northwestern State,Arkansas,10,19,8,33,0,Kikko Haydar Defensive Rebound.
Northwestern State,Arkansas,10,19,8,57,0,Anthlon Bell missed Three Point Jumper.
Northwestern State,Arkansas,10,19,8,57,0,O.J. Evans Defensive Rebound.
Northwestern State,Arkansas,10,19,9,23,0,Shamir Davis missed Jumper.
Northwestern State,Arkansas,10,19,9,23,0,Coty Clarke Defensive Rebound.
Northwestern State,Arkansas,10,19,9,34,0,Anthlon Bell Turnover.
Northwestern State,Arkansas,10,19,10,3,0,Jalan West missed Jumper.
Northwestern State,Arkansas,10,19,10,3,0,Coty Clarke Defensive Rebound.
Northwestern State,Arkansas,10,19,10,13,0,Coty Clarke missed Jumper.
Northwestern State,Arkansas,10,19,10,13,0,Kikko Haydar Offensive Rebound.
Northwestern State,Arkansas,10,19,10,20,0,Kikko Haydar Turnover.
Northwestern State,Arkansas,10,19,10,21,0,Shamir Davis Steal.
Northwestern State,Arkansas,12,19,10,27,1,O.J. Evans made Jumper.  Assisted by Jalan West.
Northwestern State,Arkansas,12,19,10,55,0,Michael Qualls missed Layup.
Northwestern State,Arkansas,12,19,10,55,0,Gary Roberson Defensive Rebound.
Northwestern State,Arkansas,12,19,10,59,0,Foul on Marshawn Powell
Northwestern State,Arkansas,13,19,10,59,1,Gary Roberson made Free Throw.
Northwestern State,Arkansas,13,19,10,59,0,Gary Roberson missed Free Throw.
Northwestern State,Arkansas,13,19,10,59,0,James Hulbin Offensive Rebound.
Northwestern State,Arkansas,13,19,11,7,0,Brison White missed Three Point Jumper.
Northwestern State,Arkansas,13,19,11,7,0,Hunter Mickelson Defensive Rebound.
Northwestern State,Arkansas,13,19,11,9,0,BJ Young Turnover.
Northwestern State,Arkansas,13,19,11,20,0,Brison White missed Jumper.
Northwestern State,Arkansas,13,19,11,20,0,Gary Roberson Offensive Rebound.
Northwestern State,Arkansas,13,19,11,33,0,Gary Roberson missed Layup.
Northwestern State,Arkansas,13,19,11,33,0,Brison White Offensive Rebound.
Northwestern State,Arkansas,13,19,11,36,0,Brison White missed Layup.
Northwestern State,Arkansas,13,19,11,36,0,Mardracus Wade Defensive Rebound.
Northwestern State,Arkansas,13,19,11,57,0,Foul on DeQuan Hicks
Northwestern State,Arkansas,13,19,12,2,0,Foul on DeQuan Hicks
Northwestern State,Arkansas,13,19,12,2,0,Official TV Timeout.
Northwestern State,Arkansas,13,20,12,2,1,BJ Young made Free Throw.
Northwestern State,Arkansas,13,21,12,2,1,BJ Young made Free Throw.
Northwestern State,Arkansas,13,21,12,10,0,James Hulbin missed Jumper.
Northwestern State,Arkansas,13,21,12,10,0,Hunter Mickelson Block.
Northwestern State,Arkansas,13,21,12,11,0,Jacorey Williams Defensive Rebound.
Northwestern State,Arkansas,13,21,12,23,0,BJ Young missed Three Point Jumper.
Northwestern State,Arkansas,13,21,12,23,0,Northwestern State Defensive Reb.
Northwestern State,Arkansas,13,21,12,46,0,Jalan West missed Three Point Jumper.
Northwestern State,Arkansas,13,21,12,46,0,Northwestern State Offensive Reb.
Northwestern State,Arkansas,13,21,12,52,0,Jalan West Turnover.
Northwestern State,Arkansas,13,21,12,52,0,Mardracus Wade Steal.
Northwestern State,Arkansas,13,23,12,55,1,Mardracus Wade made Layup.  Assisted by BJ Young.
Northwestern State,Arkansas,15,23,13,17,1,Gary Roberson made Layup.  Assisted by DeQuan Hicks.
Northwestern State,Arkansas,15,23,13,17,0,Foul on Mardracus Wade
Northwestern State,Arkansas,15,23,13,17,0,Gary Roberson missed Free Throw.
Northwestern State,Arkansas,15,23,13,17,0,Hunter Mickelson Defensive Rebound.
Northwestern State,Arkansas,15,25,13,32,1,Jacorey Williams made Jumper.  Assisted by BJ Young.
Northwestern State,Arkansas,15,25,13,45,0,DeQuan Hicks Turnover.
Northwestern State,Arkansas,15,25,13,46,0,BJ Young Steal.
Northwestern State,Arkansas,15,27,13,51,1,BJ Young made Layup.
Northwestern State,Arkansas,15,27,13,53,0,Northwestern State Full Timeout.
Northwestern State,Arkansas,17,27,14,10,1,James Hulbin made Dunk.  Assisted by Jalan West.
Northwestern State,Arkansas,17,27,14,35,0,Jacorey Williams missed Jumper.
Northwestern State,Arkansas,17,27,14,35,0,Hunter Mickelson Offensive Rebound.
Northwestern State,Arkansas,17,27,14,38,0,Hunter Mickelson missed Tip Shot.
Northwestern State,Arkansas,17,27,14,38,0,DeQuan Hicks Defensive Rebound.
Northwestern State,Arkansas,17,27,14,43,0,Jalan West missed Three Point Jumper.
Northwestern State,Arkansas,17,27,14,43,0,DeQuan Hicks Offensive Rebound.
Northwestern State,Arkansas,17,27,14,50,0,DeQuan Hicks missed Jumper.
Northwestern State,Arkansas,17,27,14,50,0,Jacorey Williams Defensive Rebound.
Northwestern State,Arkansas,17,27,14,57,0,BJ Young missed Layup.
Northwestern State,Arkansas,17,27,14,57,0,BJ Young Offensive Rebound.
Northwestern State,Arkansas,17,27,15,0,0,Foul on Jalan West
Northwestern State,Arkansas,17,28,15,0,1,BJ Young made Free Throw.
Northwestern State,Arkansas,17,28,15,0,0,BJ Young missed Free Throw.
Northwestern State,Arkansas,17,28,15,0,0,James Hulbin Defensive Rebound.
Northwestern State,Arkansas,17,28,15,27,0,James Hulbin missed Jumper.
Northwestern State,Arkansas,17,28,15,27,0,O.J. Evans Offensive Rebound.
Northwestern State,Arkansas,17,28,15,29,0,O.J. Evans missed Jumper.
Northwestern State,Arkansas,17,28,15,29,0,Rashad Madden Defensive Rebound.
Northwestern State,Arkansas,17,28,15,35,0,Foul on Patrick Robinson
Northwestern State,Arkansas,17,28,15,35,0,Arkansas Full Timeout.
Northwestern State,Arkansas,17,28,15,38,0,Hunter Mickelson Turnover.
Northwestern State,Arkansas,17,28,15,52,0,Foul on BJ Young
Northwestern State,Arkansas,18,28,15,52,1,James Hulbin made Free Throw.
Northwestern State,Arkansas,18,28,15,52,0,James Hulbin missed Free Throw.
Northwestern State,Arkansas,18,28,15,52,0,Hunter Mickelson Defensive Rebound.
Northwestern State,Arkansas,18,28,16,11,0,DeQuavious Wagner missed Jumper.
Northwestern State,Arkansas,18,28,16,11,0,Brison White Defensive Rebound.
Northwestern State,Arkansas,18,28,16,22,0,James Hulbin missed Layup.
Northwestern State,Arkansas,18,28,16,22,0,Jacorey Williams Block.
Northwestern State,Arkansas,18,28,16,24,0,James Hulbin Offensive Rebound.
Northwestern State,Arkansas,20,28,16,24,1,James Hulbin made Layup.
Northwestern State,Arkansas,20,28,16,24,0,Foul on Jacorey Williams
Northwestern State,Arkansas,20,28,16,24,0,Official TV Timeout.
Northwestern State,Arkansas,21,28,16,24,1,James Hulbin made Free Throw.
Northwestern State,Arkansas,21,30,16,49,1,Mardracus Wade made Layup.
Northwestern State,Arkansas,21,30,17,15,0,Foul on Coty Clarke
Northwestern State,Arkansas,22,30,17,15,1,O.J. Evans made Free Throw.
Northwestern State,Arkansas,23,30,17,15,1,O.J. Evans made Free Throw.
Northwestern State,Arkansas,23,30,17,25,0,Hunter Mickelson missed Jumper.
Northwestern State,Arkansas,23,30,17,25,0,James Hulbin Defensive Rebound.
Northwestern State,Arkansas,23,30,17,30,0,Shamir Davis missed Layup.
Northwestern State,Arkansas,23,30,17,30,0,Hunter Mickelson Defensive Rebound.
Northwestern State,Arkansas,23,32,17,38,1,Coty Clarke made Layup.  Assisted by Mardracus Wade.
Northwestern State,Arkansas,23,32,17,52,0,Gary Stewart missed Jumper.
Northwestern State,Arkansas,23,32,17,52,0,Hunter Mickelson Defensive Rebound.
Northwestern State,Arkansas,23,32,18,4,0,DeQuavious Wagner missed Three Point Jumper.
Northwestern State,Arkansas,23,32,18,4,0,Marvin Frazier Defensive Rebound.
Northwestern State,Arkansas,23,32,18,13,0,Foul on Coty Clarke
Northwestern State,Arkansas,24,32,18,13,1,Shamir Davis made Free Throw.
Northwestern State,Arkansas,24,32,18,13,0,Shamir Davis missed Free Throw.
Northwestern State,Arkansas,24,32,18,13,0,Hunter Mickelson Defensive Rebound.
Northwestern State,Arkansas,24,32,18,26,0,Rickey Scott missed Jumper.
Northwestern State,Arkansas,24,32,18,26,0,BJ Young Offensive Rebound.
Northwestern State,Arkansas,24,32,18,39,0,BJ Young missed Jumper.
Northwestern State,Arkansas,24,32,18,39,0,Gary Roberson Block.
Northwestern State,Arkansas,24,32,18,41,0,Gary Stewart Defensive Rebound.
Northwestern State,Arkansas,26,32,18,44,1,Jalan West made Layup.  Assisted by Shamir Davis.
Northwestern State,Arkansas,26,32,18,44,0,Foul on Jacorey Williams
Northwestern State,Arkansas,27,32,18,44,1,Jalan West made Free Throw.
Northwestern State,Arkansas,27,32,19,10,0,Foul on Gary Roberson
Northwestern State,Arkansas,27,33,19,10,1,BJ Young made Free Throw.
Northwestern State,Arkansas,27,34,19,10,1,BJ Young made Free Throw.
Northwestern State,Arkansas,27,34,19,21,0,Shamir Davis Turnover.
Northwestern State,Arkansas,27,34,19,22,0,Rickey Scott Steal.
Northwestern State,Arkansas,27,36,19,25,1,Mardracus Wade made Layup.
Northwestern State,Arkansas,29,36,19,59,1,Gary Roberson made Jumper.  Assisted by Jalan West.
Northwestern State,Arkansas,29,36,20,0,0,End of the 1st Half.
Northwestern State,Arkansas,29,36,20,33,0,BJ Young missed Three Point Jumper.
Northwestern State,Arkansas,29,36,20,33,0,O.J. Evans Defensive Rebound.
Northwestern State,Arkansas,29,36,20,43,0,Patrick Robinson missed Three Point Jumper.
Northwestern State,Arkansas,29,36,20,43,0,BJ Young Defensive Rebound.
Northwestern State,Arkansas,29,36,20,45,0,Foul on Marvin Frazier
Northwestern State,Arkansas,29,36,20,55,0,Mardracus Wade Turnover.
Northwestern State,Arkansas,29,36,21,2,0,Jalan West missed Three Point Jumper.
Northwestern State,Arkansas,29,36,21,2,0,Arkansas Defensive Rebound.
Northwestern State,Arkansas,29,36,21,11,0,Marshawn Powell missed Layup.
Northwestern State,Arkansas,29,36,21,11,0,Marshawn Powell Offensive Rebound.
Northwestern State,Arkansas,29,38,21,13,1,Marshawn Powell made Layup.
Northwestern State,Arkansas,29,38,21,27,0,Shamir Davis missed Jumper.
Northwestern State,Arkansas,29,38,21,27,0,Rickey Scott Block.
Northwestern State,Arkansas,29,38,21,28,0,Northwestern State Offensive Reb.
Northwestern State,Arkansas,29,38,21,36,0,Gary Roberson missed Three Point Jumper.
Northwestern State,Arkansas,29,38,21,36,0,Hunter Mickelson Defensive Rebound.
Northwestern State,Arkansas,29,38,21,49,0,BJ Young missed Layup.
Northwestern State,Arkansas,29,38,21,49,0,O.J. Evans Defensive Rebound.
Northwestern State,Arkansas,29,38,22,0,0,Gary Roberson Turnover.
Northwestern State,Arkansas,29,38,22,1,0,Hunter Mickelson Steal.
Northwestern State,Arkansas,29,38,22,4,0,Hunter Mickelson Turnover.
Northwestern State,Arkansas,29,38,22,4,0,Jalan West Steal.
Northwestern State,Arkansas,31,38,22,10,1,Jalan West made Layup.
Northwestern State,Arkansas,31,41,22,23,1,BJ Young made Three Point Jumper.  Assisted by Rickey Scott.
Northwestern State,Arkansas,31,41,22,46,0,Shamir Davis missed Jumper.
Northwestern State,Arkansas,31,41,22,46,0,BJ Young Defensive Rebound.
Northwestern State,Arkansas,31,43,22,52,1,Marshawn Powell made Dunk.  Assisted by BJ Young.
Northwestern State,Arkansas,31,43,22,56,0,Northwestern State Full Timeout.
Northwestern State,Arkansas,33,43,23,3,1,DeQuan Hicks made Layup.
Northwestern State,Arkansas,33,43,23,24,0,Marshawn Powell missed Layup.
Northwestern State,Arkansas,33,43,23,25,0,DeQuan Hicks Block.
Northwestern State,Arkansas,33,43,23,26,0,Arkansas Offensive Rebound.
Northwestern State,Arkansas,33,43,23,29,0,Hunter Mickelson missed Jumper.
Northwestern State,Arkansas,33,43,23,30,0,Jalan West Defensive Rebound.
Northwestern State,Arkansas,35,43,23,37,1,DeQuan Hicks made Layup.  Assisted by Jalan West.
Northwestern State,Arkansas,35,43,23,58,0,BJ Young missed Three Point Jumper.
Northwestern State,Arkansas,35,43,24,2,0,Hunter Mickelson Offensive Rebound.
Northwestern State,Arkansas,35,45,24,2,1,Hunter Mickelson made Tip Shot.
Northwestern State,Arkansas,35,45,24,8,0,Official TV Timeout.
Northwestern State,Arkansas,35,45,24,21,0,DeQuan Hicks missed Jumper.
Northwestern State,Arkansas,35,45,24,21,0,DeQuan Hicks Offensive Rebound.
Northwestern State,Arkansas,35,45,24,23,0,DeQuan Hicks missed Jumper.
Northwestern State,Arkansas,35,45,24,23,0,Coty Clarke Block.
Northwestern State,Arkansas,35,45,24,24,0,Northwestern State Offensive Reb.
Northwestern State,Arkansas,35,45,24,25,0,James Hulbin missed Jumper.
Northwestern State,Arkansas,35,45,24,25,0,Coty Clarke Defensive Rebound.
Northwestern State,Arkansas,35,45,24,33,0,Mardracus Wade Turnover.
Northwestern State,Arkansas,35,45,24,33,0,Jalan West Steal.
Northwestern State,Arkansas,37,45,24,41,1,James Hulbin made Layup.  Assisted by Brison White.
Northwestern State,Arkansas,37,45,24,50,0,Marshawn Powell missed Layup.
Northwestern State,Arkansas,37,45,24,50,0,BJ Young Offensive Rebound.
Northwestern State,Arkansas,37,47,24,56,1,BJ Young made Tip Shot.
Northwestern State,Arkansas,37,47,25,15,0,Foul on Coty Clarke
Northwestern State,Arkansas,38,47,25,15,1,DeQuan Hicks made Free Throw.
Northwestern State,Arkansas,39,47,25,15,1,DeQuan Hicks made Free Throw.
Northwestern State,Arkansas,39,47,25,23,0,Hunter Mickelson Turnover.
Northwestern State,Arkansas,39,47,25,24,0,Jalan West Steal.
Northwestern State,Arkansas,42,47,25,32,1,James Hulbin made Three Point Jumper.  Assisted by Brison White.
Northwestern State,Arkansas,42,47,25,37,0,Arkansas Full Timeout.
Northwestern State,Arkansas,42,47,26,8,0,Hunter Mickelson Turnover.
Northwestern State,Arkansas,42,47,26,11,0,Jalan West Steal.
Northwestern State,Arkansas,44,47,26,13,1,Jalan West made Jumper.
Northwestern State,Arkansas,44,50,26,21,1,Kikko Haydar made Three Point Jumper.  Assisted by BJ Young.
Northwestern State,Arkansas,46,50,26,28,1,Brison White made Layup.  Assisted by Jalan West.
Northwestern State,Arkansas,46,50,26,28,0,Foul on Marshawn Powell
Northwestern State,Arkansas,46,50,26,28,0,Brison White missed Free Throw.
Northwestern State,Arkansas,46,50,26,28,0,Marshawn Powell Defensive Rebound.
Northwestern State,Arkansas,46,50,26,45,0,Jacorey Williams missed Jumper.
Northwestern State,Arkansas,46,50,26,45,0,Gary Roberson Defensive Rebound.
Northwestern State,Arkansas,46,50,27,5,0,Jalan West missed Three Point Jumper.
Northwestern State,Arkansas,46,50,27,5,0,James Hulbin Offensive Rebound.
Northwestern State,Arkansas,46,50,27,7,0,James Hulbin missed Jumper.
Northwestern State,Arkansas,46,50,27,7,0,James Hulbin Offensive Rebound.
Northwestern State,Arkansas,46,50,27,8,0,Foul on Jacorey Williams
Northwestern State,Arkansas,46,50,27,8,0,James Hulbin missed Free Throw.
Northwestern State,Arkansas,46,50,27,8,0,null
Northwestern State,Arkansas,46,50,27,8,0,James Hulbin missed Free Throw.
Northwestern State,Arkansas,46,50,27,8,0,Marshawn Powell Defensive Rebound.
Northwestern State,Arkansas,46,52,27,35,1,Jacorey Williams made Jumper.
Northwestern State,Arkansas,46,52,27,45,0,James Hulbin missed Three Point Jumper.
Northwestern State,Arkansas,46,52,27,45,0,BJ Young Defensive Rebound.
Northwestern State,Arkansas,46,52,27,45,0,Foul on DeQuan Hicks
Northwestern State,Arkansas,46,52,28,0,0,BJ Young missed Jumper.
Northwestern State,Arkansas,46,52,28,0,0,O.J. Evans Defensive Rebound.
Northwestern State,Arkansas,46,52,28,3,0,Official TV Timeout.
Northwestern State,Arkansas,46,52,28,29,0,Shamir Davis missed Jumper.
Northwestern State,Arkansas,46,52,28,29,0,Arkansas Defensive Rebound.
Northwestern State,Arkansas,46,55,28,56,1,Marshawn Powell made Three Point Jumper.  Assisted by BJ Young.
Northwestern State,Arkansas,46,55,29,21,0,Foul on Jacorey Williams
Northwestern State,Arkansas,46,55,29,21,0,James Hulbin missed Free Throw.
Northwestern State,Arkansas,46,55,29,21,0,null
Northwestern State,Arkansas,47,55,29,21,1,James Hulbin made Free Throw.
Northwestern State,Arkansas,47,55,29,39,0,Kikko Haydar missed Three Point Jumper.
Northwestern State,Arkansas,47,55,29,39,0,Marshawn Powell Offensive Rebound.
Northwestern State,Arkansas,47,55,30,15,0,Rickey Scott missed Jumper.
Northwestern State,Arkansas,47,55,30,15,0,Patrick Robinson Block.
Northwestern State,Arkansas,47,55,30,15,0,Patrick Robinson Defensive Rebound.
Northwestern State,Arkansas,47,55,30,18,0,Foul on Kikko Haydar
Northwestern State,Arkansas,48,55,30,18,1,Shamir Davis made Free Throw.
Northwestern State,Arkansas,49,55,30,18,1,Shamir Davis made Free Throw.
Northwestern State,Arkansas,49,55,30,32,0,Marshawn Powell missed Three Point Jumper.
Northwestern State,Arkansas,49,55,30,32,0,BJ Young Offensive Rebound.
Northwestern State,Arkansas,49,57,30,36,1,Marshawn Powell made Layup.  Assisted by Michael Qualls.
Northwestern State,Arkansas,49,57,30,48,0,Jalan West Turnover.
Northwestern State,Arkansas,49,57,30,50,0,Mardracus Wade Steal.
Northwestern State,Arkansas,49,59,30,54,1,BJ Young made Layup.  Assisted by Mardracus Wade.
Northwestern State,Arkansas,49,59,31,5,0,Northwestern State Full Timeout.
Northwestern State,Arkansas,49,59,31,19,0,Foul on Marshawn Powell
Northwestern State,Arkansas,49,59,31,22,0,Foul on Mardracus Wade
Northwestern State,Arkansas,50,59,31,22,1,DeQuan Hicks made Free Throw.
Northwestern State,Arkansas,51,59,31,22,1,DeQuan Hicks made Free Throw.
Northwestern State,Arkansas,51,59,31,35,0,Foul on DeQuan Hicks
Northwestern State,Arkansas,51,59,31,54,0,Michael Qualls missed Dunk.
Northwestern State,Arkansas,51,59,31,54,0,James Hulbin Defensive Rebound.
Northwestern State,Arkansas,51,59,32,2,0,Shamir Davis missed Three Point Jumper.
Northwestern State,Arkansas,51,59,32,2,0,Brison White Offensive Rebound.
Northwestern State,Arkansas,53,59,32,4,1,Brison White made Jumper.
Northwestern State,Arkansas,53,59,32,18,0,BJ Young missed Layup.
Northwestern State,Arkansas,53,59,32,18,0,Hunter Mickelson Offensive Rebound.
Northwestern State,Arkansas,53,61,32,21,1,Hunter Mickelson made Layup.
Northwestern State,Arkansas,53,61,32,25,0,Foul on Rickey Scott
Northwestern State,Arkansas,53,61,32,25,0,Official TV Timeout.
Northwestern State,Arkansas,54,61,32,25,1,Shamir Davis made Free Throw.
Northwestern State,Arkansas,54,61,32,25,0,Shamir Davis missed Free Throw.
Northwestern State,Arkansas,54,61,32,25,0,Michael Qualls Defensive Rebound.
Northwestern State,Arkansas,54,61,32,41,0,Arkansas Full Timeout.
Northwestern State,Arkansas,54,61,32,49,0,BJ Young missed Three Point Jumper.
Northwestern State,Arkansas,54,61,32,49,0,Gary Roberson Defensive Rebound.
Northwestern State,Arkansas,54,61,33,26,0,Jalan West missed Three Point Jumper.
Northwestern State,Arkansas,54,61,33,26,0,BJ Young Defensive Rebound.
Northwestern State,Arkansas,54,61,33,30,0,Foul on O.J. Evans
Northwestern State,Arkansas,54,62,33,30,1,BJ Young made Free Throw.
Northwestern State,Arkansas,54,63,33,30,1,BJ Young made Free Throw.
Northwestern State,Arkansas,54,63,33,54,0,Brison White missed Jumper.
Northwestern State,Arkansas,54,63,33,54,0,Hunter Mickelson Defensive Rebound.
Northwestern State,Arkansas,54,65,34,6,1,BJ Young made Layup.
Northwestern State,Arkansas,54,65,34,26,0,O.J. Evans missed Jumper.
Northwestern State,Arkansas,54,65,34,26,0,BJ Young Defensive Rebound.
Northwestern State,Arkansas,54,67,34,33,1,Hunter Mickelson made Dunk.  Assisted by BJ Young.
Northwestern State,Arkansas,54,67,34,34,0,Northwestern State Full Timeout.
Northwestern State,Arkansas,54,67,34,42,0,Patrick Robinson Turnover.
Northwestern State,Arkansas,54,67,35,14,0,BJ Young missed Three Point Jumper.
Northwestern State,Arkansas,54,67,35,14,0,James Hulbin Defensive Rebound.
Northwestern State,Arkansas,54,67,35,23,0,DeQuan Hicks missed Jumper.
Northwestern State,Arkansas,54,67,35,23,0,Hunter Mickelson Block.
Northwestern State,Arkansas,54,67,35,24,0,BJ Young Defensive Rebound.
Northwestern State,Arkansas,54,69,35,35,1,Rickey Scott made Layup.
Northwestern State,Arkansas,54,69,35,54,0,James Hulbin missed Jumper.
Northwestern State,Arkansas,54,69,35,54,0,Jalan West Offensive Rebound.
Northwestern State,Arkansas,54,69,35,58,0,DeQuan Hicks missed Jumper.
Northwestern State,Arkansas,54,69,35,58,0,Hunter Mickelson Block.
Northwestern State,Arkansas,54,69,35,59,0,James Hulbin Offensive Rebound.
Northwestern State,Arkansas,54,69,35,59,0,Foul on Mardracus Wade
Northwestern State,Arkansas,55,69,35,59,1,James Hulbin made Free Throw.
Northwestern State,Arkansas,55,69,35,59,0,James Hulbin missed Free Throw.
Northwestern State,Arkansas,55,69,35,59,0,Hunter Mickelson Defensive Rebound.
Northwestern State,Arkansas,55,71,36,30,1,Michael Qualls made Dunk.  Assisted by Mardracus Wade.
Northwestern State,Arkansas,55,71,36,36,0,Foul on Michael Qualls
Northwestern State,Arkansas,55,71,36,36,0,Official TV Timeout.
Northwestern State,Arkansas,56,71,36,36,1,James Hulbin made Free Throw.
Northwestern State,Arkansas,57,71,36,36,1,James Hulbin made Free Throw.
Northwestern State,Arkansas,57,73,36,55,1,BJ Young made Layup.
Northwestern State,Arkansas,57,73,37,3,0,DeQuan Hicks Turnover.
Northwestern State,Arkansas,57,73,37,4,0,BJ Young Steal.
Northwestern State,Arkansas,57,75,37,8,1,BJ Young made Layup.
Northwestern State,Arkansas,59,75,37,27,1,DeQuan Hicks made Layup.
Northwestern State,Arkansas,59,75,37,27,0,Foul on Hunter Mickelson
Northwestern State,Arkansas,59,75,37,27,0,DeQuan Hicks missed Free Throw.
Northwestern State,Arkansas,59,75,37,27,0,Michael Qualls Defensive Rebound.
Northwestern State,Arkansas,59,75,37,38,0,Foul on DeQuan Hicks
Northwestern State,Arkansas,59,75,37,38,0,Rickey Scott missed Free Throw.
Northwestern State,Arkansas,59,75,37,38,0,null
Northwestern State,Arkansas,59,76,37,38,1,Rickey Scott made Free Throw.
Northwestern State,Arkansas,59,76,37,53,0,Patrick Robinson missed Jumper.
Northwestern State,Arkansas,59,76,37,53,0,James Hulbin Offensive Rebound.
Northwestern State,Arkansas,59,76,37,55,0,James Hulbin missed Layup.
Northwestern State,Arkansas,59,76,37,55,0,Mardracus Wade Defensive Rebound.
Northwestern State,Arkansas,59,76,38,1,0,Foul on Patrick Robinson
Northwestern State,Arkansas,59,78,38,29,1,Mardracus Wade made Layup.
Northwestern State,Arkansas,59,78,38,29,0,Foul on Jalan West
Northwestern State,Arkansas,59,79,38,29,1,Mardracus Wade made Free Throw.
Northwestern State,Arkansas,59,79,39,1,0,Foul on Hunter Mickelson
Northwestern State,Arkansas,60,79,39,1,1,Jalan West made Free Throw.
Northwestern State,Arkansas,61,79,39,1,1,Jalan West made Free Throw.
Northwestern State,Arkansas,61,79,39,1,0,Jalan West missed Free Throw.
Northwestern State,Arkansas,61,79,39,1,0,Michael Qualls Defensive Rebound.
Northwestern State,Arkansas,61,79,39,36,0,Michael Qualls missed Jumper.
Northwestern State,Arkansas,61,79,39,36,0,James Hulbin Block.
Northwestern State,Arkansas,61,79,39,36,0,Arkansas Offensive Rebound.
Northwestern State,Arkansas,61,79,39,37,0,Jacorey Williams missed Jumper.
Northwestern State,Arkansas,61,79,39,37,0,null
Northwestern State,Arkansas,61,79,39,44,0,James Hulbin Turnover.
Northwestern State,Arkansas,61,79,39,51,0,Anthlon Bell missed Three Point Jumper.
Northwestern State,Arkansas,61,79,39,51,0,Northwestern State Defensive Reb.
Northwestern State,Arkansas,61,79,39,58,0,Shamir Davis missed Jumper.
Northwestern State,Arkansas,61,79,39,58,0,Michael Qualls Defensive Rebound.
Northwestern State,Arkansas,61,79,40,0,0,End Game
